10 SCREEN 12
20 COLOR 8
30 CLS
40 LINE (160, 40)-(320, 400), 8, BF
50 CIRCLE (240, 120), 40, 4
60 PAINT (240, 120), 4, 4
70 CIRCLE (240, 220), 40, 0
80 PAINT (240, 220), 0, 0
90 CIRCLE (240, 320), 40, 0
100 PAINT (240, 320), 0, 0
110 SLEEP 0
120 CLS
130 CIRCLE (240, 120), 40, 0
140 PAINT (240, 120), 0, 0
00 CIRCLE (240, 220), 40, 14
160 PAINT (240, 220), 14, 14
170 CIRCLE (240, 320), 40, 0
180 PAINT (240, 320), 0, 0
190 SLEEP 4
200 CLS
210 CIRCLE (240, 120), 40, 0
220 PAINT (240, 120), 0, 0
230 CIRCLE (240, 220), 40, 0
240 PAINT (240, 220), 0, 0
250 CIRCLE (240, 320), 40, 2
260 PAINT (240, 320), 2, 2
270 GOTO 30